N 50
n 10
p 3
e 1
r 10
#s 777
y
1 1 1 1 1 1 1 1 1 1 0 0 0 0 0 0 0 0 0 0 0 0 0 0 0 0 0 0 0 0 0 0 0 0 0 0 0 0 0 0 0 0 0 0 0 0 0 0 0 0
x
3729 2128 1452
16463 1915 7294
1755 565 688
2210 828 934
7418 623 3273
514 745 202
621 922 258
679 994 304
353 1282 147
1127 995 470
330 627 144
105 749 41
2133 964 932
489 802 220
484 1644 195
108 273 53
2066 658 794
168 3358 88
2646 825 1072
487 6296 214
68 2196 32
81 307 35
506 1152 157
423 1286 187
44 3027 21
25 126 8
267 738 125
79 651 40
291 619 129
1172 8030 503
43 281 22
845 7609 364
218 1029 99
136 595 57
320 1042 151
282 1073 117
1593 9437 700
98 1061 48
72 7523 37
1058 644 496
42 318 21
40 330 18
45 396 22
83 668 44
378 392 166
403 5777 185
158 1452 70
1548 372 614
885 1948 380
272 665 94
