N 50
n 10
p 4
e 1
R 10
#s 777
#y
#1 1 1 1 1 1 1 1 1 1 0 0 0 0 0 0 0 0 0 0 0 0 0 0 0 0 0 0 0 0 0 0 0 0 0 0 0 0 0 0 0 0 0 0 0 0 0 0 0 0
I a b c d e f g h i j k l m n o p q r s t u v z a b c d e f g h i j k l m n o p q r s t u v z a b c d
x
1 3729 2128 1452
1 16463 1915 7294
1 1755 565 688
1 2210 828 934
1 7418 623 3273
1 514 745 202
1 621 922 258
1 679 994 304
1 353 1282 147
1 1127 995 470
1 330 627 144
1 105 749 41
1 2133 964 932
1 489 802 220
1 484 1644 195
1 108 273 53
1 2066 658 794
1 168 3358 88
1 2646 825 1072
1 487 6296 214
1 68 2196 32
1 81 307 35
1 506 1152 157
1 423 1286 187
1 44 3027 21
1 25 126 8
1 267 738 125
1 79 651 40
1 291 619 129
1 1172 8030 503
1 43 281 22
1 845 7609 364
1 218 1029 99
1 136 595 57
1 320 1042 151
1 282 1073 117
1 1593 9437 700
1 98 1061 48
1 72 7523 37
1 1058 644 496
1 42 318 21
1 40 330 18
1 45 396 22
1 83 668 44
1 378 392 166
1 403 5777 185
1 158 1452 70
1 1548 372 614
1 885 1948 380
1 272 665 94
