N 245
n 50
p 2
e .6
a global
#b 100
t 3600
r 50 # replicazioni
s 12345 # seme
x 3729 2128
16463 1915
1755 565
2210 828
7418 623
514 745
621 922
679 994
353 1282
1127 995
330 627
105 749
2133 964
489 802
484 1644
108 273
2066 658
168 3358
2646 825
487 6296
68 2196
81 307
506 1152
423 1286
44 3027
25 126
267 738
79 651
291 619
1172 8030
43 281
845 7609
218 1029
136 595
320 1042
282 1073
1593 9437
98 1061
72 7523
1058 644
42 318
40 330
45 396
83 668
378 392
403 5777
158 1452
1548 372
885 1948
272 665
168 1190
353 3904
723 589
397 1685
1057 7520
55 1458
74 636
4984 497
71 299
48 505
143 1060
203 4856
484 384
1833 1779
111 320
646 548
703 233
22 773
1120 1703
100 2573
254 314
1098 1868
3878 703
35 1108
39 1132
915 2405
1098 5811
14561 1929
254 907
5907 953
1499 723
181 1214
6428 585
57 861
2676 60
866 195
92 1674
362 387
659 502
641 553
123 320
86 3752
661 289
2295 369
65 4078
887 300
616 1199
304 2388
322 2986
3655 249
401 128
267 258
969 850
422 656
290 378
1559 266
1196 187
540 248
296 349
1504 305
512 418
711 181
93 421
348 153
4782 227
255 575
454 404
596 396
1317 76
1797 452
538 551
596 453
1825 130
512 106
100 46
681 475
3495 284
65 273
100 528
209 86
1594 206
138 215
865 438
112 69
1219 106
521 287
1288 249
88 245
207 343
1328 122
366 63
1022 69
69 100
1564 186
496 537
697 347
26560 1170
1359 109
1045 238
562 100
5558 73
1102 464
1501 168
938 1021
215 513
2092 314
784 336
754 280
141 363
736 157
352 91
716 431
1158 207
570 57
3694 89
1162 162
1478 620
769 41
1348 158
7354 223
1040 304
1415 1335
126 69
673 553
1179 842
2061 74
604 287
390 871
1600 1106
1557 85
1424 309
2704 524
496 319
558 1134
363 151
1575 139
208 367
250 191
6284 118
467 220
1010 279
3415 257
501 88
183 344
173 569
343 390
758 178
61 99
1728 805
7720 533
2538 246
827 149
1408 202
6146 673
293 746
92 241
4105 229
700 275
206 839
2369 518
1353 231
2292 597
238 168
487 498
3627 615
393 158
2758 162
5795 5913
2159 2122
587 1723
491 1839
1461 3150
941 1899
372 1094
493 811
306 8151
71 2204
88 1297
50 1044
58 4327
468 5520
58 2007
497 1477
96 957
45 6080
202 1316
798 1924
32 661
171 1375
850 2385
73 1064
336 703
171 5422
104 3837
254 3279
