N 245 
n 50
#e 0.1
p 3
#b 1000
#f 0.98
R 10 #y 4.9 4.9 4.9 4.9 4.9 4.9 4.9 4.9 4.9 4.9 4.9 4.9 4.9 4.9 4.9 4.9 4.9 4.9 4.9 4.9 4.9 4.9 4.9 4.9 4.9 4.9 4.9 4.9 4.9 4.9 4.9 4.9 4.9 4.9 4.9 4.9 4.9 4.9 4.9 4.9 4.9 4.9 4.9 4.9 4.9 4.9 4.9 4.9 4.9 4.9 4.9 4.9 4.9 4.9 4.9 4.9 4.9 4.9 4.9 4.9 4.9 4.9 4.9 4.9 4.9 4.9 4.9 4.9 4.9 4.9 4.9 4.9 4.9 4.9 4.9 4.9 4.9 4.9 4.9 4.9 4.9 4.9 4.9 4.9 4.9 4.9 4.9 4.9 4.9 4.9 4.9 4.9 4.9 4.9 4.9 4.9 4.9 4.9 4.9 4.9 4.9 4.9 4.9 4.9 4.9 4.9 4.9 4.9 4.9 4.9 4.9 4.9 4.9 4.9 4.9 4.9 4.9 4.9 4.9 4.9 4.9 4.9 4.9 4.9 4.9 4.9 4.9 4.9 4.9 4.9 4.9 4.9 4.9 4.9 4.9 4.9 4.9 4.9 4.9 4.9 4.9 4.9 4.9 4.9 4.9 4.9 4.9 4.9 4.9 4.9 4.9 4.9 4.9 4.9 4.9 4.9 4.9 4.9 4.9 4.9 4.9 4.9 4.9 4.9 4.9 4.9 4.9 4.9 4.9 4.9 4.9 4.9 4.9 4.9 4.9 4.9 4.9 4.9 4.9 4.9 4.9 4.9 4.9 4.9 4.9 4.9 4.9 4.9 4.9 4.9 4.9 4.9 4.9 4.9 4.9 4.9 4.9 4.9 4.9 4.9 4.9 4.9 4.9 4.9 4.9 4.9 4.9 4.9 4.9 4.9 4.9 4.9 4.9 4.9 4.9 4.9 4.9 4.9 4.9 4.9 4.9 4.9 4.9 4.9 4.9 4.9 4.9 4.9 4.9 4.9 4.9 4.9 4.9 4.9 4.9 4.9 4.9 4.9 4.9 4.9 4.9 4.9 4.9 4.9 4.9
x 
3.729 2.128 1.452
16.463 1.915 7.294
1.755 565 688
2.21 828 934
7.418 623 3.273
514 745 202
621 922 258
679 994 304
353 1.282 147
1.127 995 470
330 627 144
105 749 41
2.133 964 932
489 802 220
484 1.644 195
108 273 53
2.066 658 794
168 3.358 88
2.646 825 1.072
487 6.296 214
68 2.196 32
81 307 35
506 1.152 157
423 1.286 187
44 3.027 21
25 126 8
267 738 125
79 651 40
291 619 129
1.172 8.03 503
43 281 22
845 7.609 364
218 1.029 99
136 595 57
320 1.042 151
282 1.073 117
1.593 9.437 700
98 1.061 48
72 7.523 37
1.058 644 496
42 318 21
40 330 18
45 396 22
83 668 44
378 392 166
403 5.777 185
158 1.452 70
1.548 372 614
885 1.948 380
272 665 94
168 1.19 43
353 3.904 148
723 589 284
397 1.685 166
1.057 7.52 433
55 1.458 28
74 636 38
4.984 497 2.472
71 299 31
48 505 21
143 1.06 63
203 4.856 84
484 384 241
1.833 1.779 862
111 320 46
646 548 269
703 233 307
22 773 11
1.12 1.703 436
100 2.573 37
254 314 127
1.098 1.868 467
3.878 703 1.652
35 1.108 19
39 1.132 21
915 2.405 395
1.098 5.811 450
14.561 1.929 6.73
254 907 107
5.907 953 2.545
1.499 723 677
181 1.214 84
6.428 585 3.08
57 861 26
2.676 60 1.448
866 195 399
92 1.674 54
362 387 160
659 502 343
641 553 278
123 320 59
86 3.752 38
661 289 274
2.295 369 992
65 4.078 35
887 300 375
616 1.199 277
304 2.388 147
322 2.986 147
3.655 249 1.588
401 128 159
267 258 115
969 850 411
422 656 188
290 378 137
1.559 266 613
1.196 187 441
540 248 233
296 349 138
1.504 305 635
512 418 212
711 181 348
93 421 41
348 153 139
4.782 227 2.079
255 575 126
454 404 205
596 396 266
1.317 76 528
1.797 452 639
538 551 221
596 453 237
1.825 130 806
512 106 195
100 46 44
681 475 298
3.495 284 1.497
65 273 31
100 528 55
209 86 87
1.594 206 662
138 215 58
865 438 372
112 69 45
1.219 106 497
521 287 211
1.288 249 536
88 245 40
207 343 108
1.328 122 576
366 63 145
1.022 69 402
69 100 29
1.564 186 632
496 537 182
697 347 286
26.56 1.17 13.42
1.359 109 553
1.045 238 414
562 100 268
5.558 73 2.685
1.102 464 500
1.501 168 740
938 1.021 367
215 513 100
2.092 314 810
784 336 352
754 280 344
141 363 57
736 157 322
352 91 137
716 431 315
1.158 207 462
570 57 232
3.694 89 1.762
1.162 162 511
1.478 620 594
769 41 373
1.348 158 586
7.354 223 3.211
1.04 304 438
1.415 1.335 581
126 69 49
673 553 281
1.179 842 473
2.061 74 862
604 287 265
390 871 166
1.6 1.106 646
1.557 85 618
1.424 309 589
2.704 524 1.036
496 319 197
558 1.134 245
363 151 172
1.575 139 671
208 367 90
250 191 129
6.284 118 3.026
467 220 184
1.01 279 409
3.415 257 1.519
501 88 209
183 344 74
173 569 75
343 390 147
758 178 299
61 99 29
1.728 805 675
7.72 533 3.774
2.538 246 1.074
827 149 360
1.408 202 571
6.146 673 2.794
293 746 137
92 241 38
4.105 229 1.661
700 275 270
206 839 101
2.369 518 941
1.353 231 558
2.292 597 924
238 168 108
487 498 198
3.627 615 1.447
393 158 158
2.758 162 1.169
5.795 5.913 2.369
2.159 2.122 797
587 1.723 255
491 1.839 190
1.461 3.15 549
941 1.899 352
372 1.094 161
493 811 191
306 8.151 114
71 2.204 35
88 1.297 34
50 1.044 19
58 4.327 30
468 5.52 203
58 2.007 28
497 1.477 201
96 957 35
45 6.08 21
202 1.316 81
798 1.924 272
32 661 19
171 1.375 68
850 2.385 314
73 1.064 34
336 703 141
171 5.422 64
104 3.837 40
254 3.279 111
